Number of lights: 2
Type: Point
Position: 2.0999999999999996 0.33333333333333337 1
Direction: -1 -1 1
Color: 0.59286773753497735 0.26185920319862921 0.73617021276595751
Intensity: 1
Type: Point
Position: 0.16666666666666674 0.53333333333333355 1
Direction: 1 -1 1
Color: 1 1 1
Intensity: 0.18999999999999928
